0 46 0
1 50 0
2 61 0
3 52 0
4 55 3
4 56 2
4 57 1
4 58 0
5 59 1
5 84 0
6 54 0
7 59 1
7 84 0
8 54 0
9 47 0
10 60 0
11 64 1
11 65 0
12 66 1
12 67 0
13 47 0
13 74 1
13 73 2
13 72 3
13 54 4
14 84 0
14 59 1
15 68 1
15 69 0
16 70 1
16 71 0
17 76 0
17 75 1
18 73 0
18 72 1
18 54 2
19 77 5
19 78 4
19 79 3
19 80 2
19 81 1
19 82 0
20 84 0
20 47 1
21 47 0
22 72 0
23 49 1
23 84 0
24 59 1
24 84 0
25 83 0
25 54 1
25 72 1
25 73 1
25 62 2
26 66 0
26 67 0
27 50 0
27 61 0
27 52 0
27 54 0
27 66 0
27 67 0
27 47 0
27 58 0
27 55 0
27 56 0
27 57 0
28 50 0
28 61 1
28 52 1
28 54 1
28 66 1
28 67 1
28 47 1
28 58 1
28 55 1
28 56 1
28 57 1
29 84 0
29 50 1
29 61 1
29 52 1
29 54 1
29 66 1
29 67 1
29 47 1
29 58 1
29 55 1
29 56 1
29 57 1
30 52 0
30 66 1
30 67 1
30 61 2
30 47 3
30 54 4
30 55 5
30 56 5
30 57 5
30 58 5
31 55 0
31 56 0
31 57 0
31 58 0
32 54 0
33 47 0
34 55 0
34 56 0
34 57 0
34 58 0
35 52 0
35 60 1
35 62 2
35 54 2
35 72 2
35 73 2
35 74 2
35 47 2
36 52 0
36 60 1
37 47 0
37 74 0
37 73 0
37 72 0
37 54 0
37 62 0
38 84 0
38 55 1
38 56 1
38 57 1
38 58 1
38 47 1
38 66 1
38 67 1
38 54 1
38 52 1
38 61 1
39 84 0
39 54 1
39 72 1
39 73 1
39 74 1
39 47 1
40 62 0
40 54 0
40 72 0
40 73 0
40 74 0
40 47 0
41 68 1
41 69 1
41 84 0
42 62 1
42 54 0
42 72 0
42 73 0
42 74 0
42 47 0
43 70 1
43 71 1
43 84 0
44 72 0
45 59 1
45 84 0
